Purity:  0.9899665551839465
Entropy:  0.046766981878216374
RI:  0.987138335839824
ARI:  0.9710536192018722
Purity:  0.9899665551839465
Entropy:  0.046766981878216374
RI:  0.987138335839824
ARI:  0.9710536192018722
