Purity:  0.9066666666666666
Entropy:  0.24091237051740758
RI:  0.8893064876957495
ARI:  0.7509105381871944
