Purity:  0.9949238578680204
Entropy:  0.011107599359548468
RI:  0.997058804558853
ARI:  0.991326806021418
Purity:  0.9949238578680204
Entropy:  0.011107599359548468
RI:  0.997058804558853
ARI:  0.991326806021418
Purity:  0.9670365535248046
Entropy:  0.04407360321515663
RI:  0.9958702325149238
ARI:  0.9332975695611667
