IMPROVED VERSION:
Purity:   1.0
Entropy:  0.0
RI        1.0
ARI       1.0

OLD VERSION:
Purity:  0.9066666666666666
Entropy:  0.24091237051740758
RI:  0.8893064876957495
ARI:  0.7509105381871944
