Rezultate evaluare pentru setul de date /home/iuliamaria/DENLAC/DENLAC/datasets/irisDenlacText.txt
Purity: 0.9266666666666666
Entropy: 0.17467677323046726
RI: 0.9123937360178971
ARI: 0.8031884679783747

